Megaman X 
	
	Running
		
		319, 19, 30, 34
		350, 19, 20, 34
		371, 18, 23, 35
		394, 19, 32, 34
		426, 20, 34, 33
		460, 20, 26, 33
		489, 19, 22, 34
		511, 18, 25, 35
		538, 19, 31, 34
		570, 20, 34, 33
		604, 20, 29, 33

	Jumping
		5, 73, 24, 37
		34, 69, 15, 41
		55, 64, 19, 46

	Floating
		77, 69, 23, 41
		
		
		
	Default
		213, 18, 30, 34
		247, 18, 30, 34
		281, 18, 30, 34

	StandingShooting
		6, 167, 30, 34
		41, 167, 29, 33

	RunningShooting
		290, 71, 29, 34
		319, 70, 32, 35
		351, 71, 35, 34
		387, 72, 38, 33
		426, 72, 34, 33
		460, 71, 31, 34
		491, 70, 33, 35
		524, 71, 35, 34
		560, 72, 37, 33
		597, 72, 35, 33
		
		
		
		
		
		
		


Buster
	Basic
		5, 377, 8, 6
		
		
		
		
		
